20 20
100 100
6 6 6 6 6 6 6 6 6 6 6 6 6 6 6 6 6 6 6 6
6 0 0 0 0 0 0 0 0 0 0 0 0 0 0 0 0 0 0 6
6 0 0 0 0 0 0 0 0 0 0 0 0 0 0 0 0 0 0 6
6 0 0 0 0 0 0 0 0 0 0 0 0 0 0 0 0 0 0 6
6 0 0 0 0 0 0 0 0 0 0 0 0 0 0 0 0 0 0 6
6 0 0 0 0 0 0 0 0 0 0 0 0 0 0 0 0 0 0 6
6 0 0 0 0 0 0 0 0 0 0 0 0 0 0 0 0 0 0 6
6 0 0 0 0 0 0 0 0 0 0 0 0 0 0 0 0 0 0 6
6 0 0 0 0 0 0 0 0 0 0 0 0 0 0 0 0 0 0 6
6 0 0 0 0 0 0 0 0 0 0 0 0 0 0 0 0 0 0 6
6 0 0 0 0 0 0 0 0 0 0 0 0 0 0 0 0 0 0 6
6 0 0 0 0 0 0 0 0 0 0 0 0 0 0 0 0 0 0 6
6 0 0 0 0 0 0 0 0 0 0 0 0 0 0 0 0 0 0 6
6 0 0 0 0 0 0 0 0 0 0 0 0 0 0 0 0 0 0 6
6 0 0 0 0 0 0 0 0 0 0 0 0 0 0 0 0 0 0 6
6 0 0 0 0 0 0 0 0 0 0 0 0 0 0 0 0 0 0 6
6 0 0 0 0 0 0 0 0 0 0 0 0 0 0 0 0 0 0 6
6 0 0 0 0 0 0 0 0 0 0 0 0 0 0 0 0 0 0 6
6 0 0 0 0 0 0 0 0 0 0 0 0 0 0 0 0 0 0 6
6 6 6 6 6 6 6 6 6 6 6 6 6 6 6 6 6 6 6 6
