30 20 3 16
5 5 5 5 5 5 5 5 5 5 5 5 5 5 5 5 5 5 5 5 5 5 5 5 5 5 5 5 5 5
5 5 5 5 5 5 5 5 5 5 5 5 5 5 5 5 5 5 5 5 5 5 5 5 5 5 5 5 5 5
5 5 5 5 5 5 5 5 5 5 5 5 5 5 5 5 0 0 0 0 0 0 0 0 0 5 5 5 5 5
5 5 5 5 5 5 5 5 5 5 5 5 5 5 5 5 0 0 0 0 0 0 0 0 0 5 5 5 5 5
5 5 5 5 5 5 5 5 5 5 5 5 5 5 5 5 0 0 0 10 0 0 0 0 0 5 5 5 5 5
5 5 5 5 5 5 5 5 5 5 5 5 0 0 0 0 0 0 0 0 0 0 0 0 0 5 5 5 5 5
5 5 5 5 5 5 5 5 5 5 5 5 0 0 10 0 0 0 0 0 0 10 0 0 0 5 5 5 5 5
5 5 5 5 5 5 5 5 5 5 5 5 0 0 0 0 0 0 0 0 0 0 0 0 0 5 5 5 5 5
5 5 5 5 5 5 5 5 5 5 5 5 7 7 7 7 7 7 7 7 7 7 7 7 7 7 7 7 5 5
4 4 4 4 4 4 4 4 4 4 4 4 0 0 0 6 8 0 6 6 6 6 6 0 0 0 4 4 4 4
4 4 10 4 4 4 11 4 4 4 4 4 0 13 0 9 6 0 6 9 6 9 6 0 12 0 4 4 4 4
4 4 4 4 4 4 4 4 4 4 4 4 0 0 0 0 0 0 0 0 0 0 0 0 0 0 4 4 4 4
4 4 4 4 4 4 4 4 4 4 4 4 7 7 7 7 7 7 7 7 7 7 7 7 7 7 4 4 4 4
4 4 4 4 10 4 4 4 4 4 4 4 0 0 0 0 0 14 0 0 0 0 0 0 0 0 4 4 4 4
4 4 4 4 4 4 4 4 4 4 4 4 0 0 10 0 0 0 0 13 0 0 10 0 0 0 4 4 4 4
4 4 4 4 4 4 4 4 4 4 4 4 0 0 0 0 0 0 0 0 0 0 0 0 0 0 4 4 4 4
1 1 1 1 1 1 1 1 1 1 1 1 1 1 1 1 1 1 1 1 1 1 1 1 1 1 1 1 1 1
0 0 0 0 0 0 0 0 0 0 0 0 0 0 0 0 0 0 0 0 0 0 0 0 0 0 0 0 0 0
0 0 0 0 0 0 0 0 0 0 0 0 0 0 0 0 0 0 0 0 0 0 0 0 0 0 0 0 0 0
0 0 0 0 0 0 0 0 0 0 0 0 0 0 0 0 0 0 0 0 0 0 0 0 0 0 0 0 0 0
