35 35 10 17
5 5 5 5 5 5 5 5 5 5 5 5 5 5 5 5 5 5 5 5 5 5 5 5 5 5 5 5 5 5 5 5 5 5 5
5 5 5 5 5 5 5 5 5 5 5 5 5 5 5 5 5 5 5 5 5 5 5 5 5 5 5 5 5 5 5 5 5 5 5
5 5 4 4 4 4 4 4 4 4 4 4 4 4 4 4 4 4 4 4 4 4 4 4 4 4 4 4 4 4 4 4 4 5 5
5 4 4 4 4 1 1 1 1 1 1 1 1 1 1 1 1 1 1 1 1 1 1 1 1 1 1 1 1 1 4 4 4 4 5
5 4 4 1 1 1 0 0 0 7 3 3 3 7 0 0 0 0 0 7 3 3 3 7 0 0 0 1 1 1 1 1 4 4 5
5 4 1 1 0 0 0 6 8 7 3 3 3 7 6 8 0 0 0 7 3 3 3 7 0 0 0 0 0 1 1 1 1 4 5
5 4 1 0 0 0 0 9 6 7 3 3 3 7 6 9 0 2 0 7 3 3 3 7 6 8 0 0 0 0 0 1 1 4 5
5 4 1 0 0 0 0 0 0 7 3 3 3 7 0 0 0 0 0 7 3 3 3 7 9 6 0 0 0 0 0 0 1 4 5
5 4 1 0 0 6 8 0 0 7 3 3 3 7 0 0 0 0 0 7 3 3 3 7 0 0 0 6 8 0 0 0 1 4 5
5 4 1 0 0 9 6 0 0 7 3 3 3 7 0 0 0 0 0 7 3 3 3 7 0 0 0 6 9 0 0 0 1 4 5
7 7 7 7 7 7 7 7 7 7 3 3 3 7 7 7 7 7 7 7 3 3 3 7 7 7 7 7 7 7 7 7 7 7 7
3 3 3 3 3 3 3 3 3 3 3 3 3 3 3 3 3 3 3 3 3 3 3 3 3 3 3 3 3 3 3 3 3 3 3
3 3 3 3 3 3 3 3 3 3 3 3 3 3 3 3 3 3 3 3 3 3 3 3 3 3 3 3 3 3 3 3 3 3 3
7 7 7 7 7 7 7 7 7 7 3 3 3 7 7 7 7 7 7 7 3 3 3 7 7 7 7 7 7 7 7 7 7 7 7
5 4 1 0 0 0 0 0 0 7 3 3 3 7 0 0 0 0 0 7 3 3 3 7 0 0 0 0 0 0 0 1 1 4 5
5 4 1 0 0 0 0 0 0 7 3 3 3 7 0 0 0 0 0 7 3 3 3 7 0 0 0 0 0 0 0 0 1 4 5
5 4 0 0 0 6 8 0 0 7 3 3 3 7 0 2 0 0 0 7 3 3 3 7 0 0 6 8 0 0 0 0 0 4 5
5 4 0 0 0 9 6 0 0 7 3 3 3 7 0 0 0 0 0 7 3 3 3 7 0 0 9 6 0 0 0 0 0 4 5
5 4 0 0 0 0 0 0 0 7 3 3 3 7 0 0 6 8 0 7 3 3 3 7 0 0 0 0 0 0 0 0 0 4 5
5 4 0 0 0 0 0 0 0 7 3 3 3 7 0 0 9 6 0 7 3 3 3 7 0 0 0 0 0 6 8 0 1 4 5
7 7 7 7 7 7 7 7 7 7 3 3 3 7 7 7 7 7 7 7 3 3 3 7 7 7 7 7 7 7 7 7 7 7 7
3 3 3 3 3 3 3 3 3 3 3 3 3 3 3 3 3 3 3 3 3 3 3 3 3 3 3 3 3 3 3 3 3 3 3
3 3 3 3 3 3 3 3 3 3 3 3 3 3 3 3 3 3 3 3 3 3 3 3 3 3 3 3 3 3 3 3 3 3 3
7 7 7 7 7 7 7 7 7 7 3 3 3 7 7 7 7 7 7 7 3 3 3 7 7 7 7 7 7 7 7 7 7 7 7
5 4 1 0 0 0 2 0 0 7 3 3 3 7 0 0 0 0 0 7 3 3 3 7 0 0 0 0 0 0 1 1 1 4 5
5 4 1 0 0 0 0 0 0 7 3 3 3 7 0 0 0 0 0 7 3 3 3 7 0 0 0 0 0 0 0 1 1 4 5
5 4 1 0 0 6 8 0 0 7 3 3 3 7 0 6 8 0 0 7 3 3 3 7 0 0 6 8 0 0 0 0 1 4 5
5 4 1 0 0 9 6 0 0 7 3 3 3 7 0 9 6 0 0 7 3 3 3 7 0 0 9 6 0 0 0 0 1 4 5
5 4 1 0 0 0 0 0 0 7 3 3 3 7 0 0 0 0 0 7 3 3 3 7 0 0 0 0 0 2 0 0 1 4 5
5 4 1 1 0 0 0 0 0 7 3 3 3 7 0 0 0 2 0 7 3 3 3 7 0 0 0 0 0 0 0 1 1 4 5
5 4 1 1 1 0 0 0 0 7 3 3 3 7 0 0 0 0 0 7 3 3 3 7 0 0 0 0 1 1 1 1 1 4 5
5 4 4 1 1 1 1 1 1 1 1 1 1 1 1 1 1 1 1 1 1 1 1 1 1 1 1 1 1 1 1 4 4 4 5
5 4 4 4 4 4 4 4 4 4 4 4 4 4 4 4 4 4 4 4 4 4 4 4 4 4 4 4 4 4 4 4 4 4 5
5 5 4 4 4 4 4 4 4 4 4 4 4 4 4 4 4 4 4 4 4 4 4 4 4 4 4 4 4 4 4 4 4 5 5
5 5 5 5 5 5 5 5 5 5 5 5 5 5 5 5 5 5 5 5 5 5 5 5 5 5 5 5 5 5 5 5 5 5 5
