20 20 2 1
13 13 13 13 13 13 13 13 13 13 13 13 13 13 13 13 13 13 13 13
13 4 4 4 4 4 4 4 4 4 4 4 4 4 4 4 4 4 4 13
13 13 13 13 13 13 13 13 13 13 13 13 13 13 13 13 13 13 4 13
13 4 4 4 4 4 4 4 4 4 4 4 4 4 4 4 4 4 4 13
13 4 13 13 13 13 13 13 13 13 13 13 13 13 13 13 13 13 13 13
13 4 4 4 4 4 4 4 4 4 4 4 4 4 4 4 4 4 4 13
13 13 13 13 13 13 13 13 13 13 13 13 13 13 13 13 13 13 4 13
13 4 4 4 4 4 4 4 4 4 4 4 4 4 4 4 4 4 4 13
13 4 13 13 13 13 13 13 13 13 13 13 13 13 13 13 13 13 13 13
13 4 4 4 4 4 4 4 4 4 4 4 4 4 4 4 4 4 4 13
13 13 13 13 13 13 13 13 13 13 13 13 13 13 13 13 13 13 4 13
13 4 4 4 4 4 4 4 4 4 4 4 4 4 4 4 4 4 4 13
13 4 13 13 13 13 13 13 13 13 13 13 13 13 13 13 13 13 13 13
13 4 4 4 4 4 4 4 4 4 4 4 4 4 4 4 4 4 4 13
13 13 13 13 13 13 13 13 13 13 13 13 13 13 13 13 13 13 4 13
13 4 4 4 4 4 4 4 4 4 4 4 4 4 4 4 4 4 4 13
13 4 13 13 13 13 13 13 13 13 13 13 13 13 13 13 13 13 13 13
13 4 4 4 4 4 4 4 4 4 4 4 4 4 4 4 4 4 4 13
13 13 13 13 13 13 13 13 13 13 13 13 13 13 13 13 13 13 4 13
13 13 13 13 13 13 13 13 13 13 13 13 13 13 13 13 13 13 13 13
